3 [3] 3
4 [8] 8
5 [15] 15
6 [4, 9, 24] 37
7 [7, 14, 35] 56
8 [48] 48
9 [15, 63] 78
10 [5, 8, 20, 35, 80] 148
11 [11, 44, 99] 154
12 [21, 32, 120] 173
13 [26, 39, 143] 208
14 [12, 77, 168] 257
15 [6, 15, 20, 27, 55, 90, 195] 408
16 [32, 64, 224] 320
17 [255] 255
18 [16, 33, 84, 135, 288] 556
19 [19, 38, 95, 152, 323] 627
20 [56, 75, 360] 491
21 [7, 14, 39, 63, 84, 119, 399] 725
22 [11, 20, 44, 55, 132, 209, 440] 911
23 [23, 230, 483] 736
24 [45, 160, 528] 733
25 [15, 50, 95, 175, 575] 910
26 [24, 39, 104, 299, 624] 1090
27 [12, 27, 51, 90, 207, 324, 675] 1386
28 [8, 35, 56, 80, 161, 224, 728] 1292
29 [87, 174, 783] 1044
30 [28, 57, 115, 144, 260, 405, 840] 1849
31 [31, 62, 124, 155, 279, 434, 899] 1984
32 [960] 960
33 [63, 319, 1023] 1405
34 [17, 32, 68, 153, 340, 527, 1088] 2225
35 [35, 50, 84, 135, 203, 560, 1155] 2222
36 [9, 24, 27, 48, 69, 104, 144, 216, 279, 384, 1224] 2528
37 [74, 111, 296, 407, 1295] 2183
38 [36, 665, 1368] 2069
39 [18, 39, 75, 208, 455, 702, 1443] 2940
40 [25, 64, 80, 155, 272, 480, 1520] 2596
41 [164, 287, 1599] 2050
42 [40, 81, 204, 245, 532, 819, 1680] 3601
43 [43, 86, 215, 258, 559, 860, 1763] 3784
44 [128, 429, 1848] 2405
45 [10, 15, 54, 87, 120, 135, 175, 351, 450, 615, 1935] 3947
46 [23, 44, 69, 92, 161, 184, 299, 368, 644, 989, 2024] 4897
47 [47, 1034, 2115] 3196
48 [93, 704, 2208] 3005
49 [63, 98, 287, 735, 2303] 3486
50 [20, 48, 125, 195, 300, 440, 1175, 2400] 4703
51 [24, 34, 51, 99, 119, 204, 374, 459, 799, 1224, 2499] 5886
52 [16, 104, 152, 169, 611, 832, 2600] 4484
53 [159, 636, 2703] 3498
54 [52, 105, 264, 423, 900, 1377, 2808] 5929
55 [11, 35, 44, 55, 80, 110, 143, 215, 242, 275, 440, 539, 935, 1430, 2915] 7469
56 [21, 32, 224, 329, 384, 560, 3024] 4574
57 [76, 95, 111, 342, 399, 1007, 3135] 5165
58 [29, 56, 116, 493, 1044, 1595, 3248] 6581
59 [59, 1652, 3363] 5074
60 [117, 176, 235, 648, 825, 1120, 3480] 6601
61 [122, 183, 244, 671, 854, 1159, 3599] 6832
62 [60, 1829, 3720] 5609
63 [30, 63, 123, 154, 216, 371, 495, 588, 1239, 1890, 3843] 9012
64 [128, 384, 512, 1280, 3968] 6272
65 [255, 767, 4095] 5117
66 [12, 44, 64, 77, 99, 129, 220, 264, 324, 363, 649, 792, 1364, 2079, 4224] 10704
67 [67, 134, 335, 670, 1407, 2144, 4355] 9112
68 [200, 1071, 4488] 5759
69 [23, 135, 207, 322, 1104, 1495, 4623] 7909
70 [35, 45, 68, 91, 140, 160, 252, 275, 413, 620, 735, 896, 1540, 2345, 4760] 12375
71 [71, 284, 426, 639, 923, 2414, 4899] 9656
72 [141, 496, 567, 1632, 5040] 7876
73 [146, 511, 584, 1679, 5183] 8103
74 [72, 2627, 5328] 8027
75 [36, 75, 110, 147, 295, 480, 850, 1035, 1775, 2700, 5475] 12978
76 [19, 24, 152, 209, 224, 304, 399, 1064, 1349, 1824, 5624] 11192
77 [56, 132, 231, 455, 759, 1386, 5775] 8794
78 [13, 65, 76, 104, 153, 195, 208, 351, 384, 468, 780, 923, 1924, 2925, 5928] 14497
79 [79, 158, 395, 948, 1975, 3002, 6083] 12640
80 [315, 1184, 6240] 7739
81 [54, 63, 159, 324, 351, 639, 1215, 2079, 6399] 11283
82 [41, 80, 164, 287, 656, 1025, 2132, 3239, 6560] 14184
83 [83, 3320, 6723] 10126
84 [165, 248, 497, 912, 1659, 2240, 6888] 12609
85 [20, 34, 55, 119, 170, 255, 272, 335, 391, 510, 935, 1343, 1700, 2295, 7055] 15489
86 [84, 129, 344, 645, 1376, 3569, 7224] 13371
87 [42, 87, 171, 1160, 2407, 3654, 7395] 14916
88 [144, 176, 231, 608, 869, 2464, 7568] 12060
89 [623, 890, 7743] 9256
90 [88, 177, 355, 444, 711, 800, 1245, 1512, 2580, 3915, 7920] 19747
91 [14, 26, 35, 39, 91, 104, 119, 143, 182, 224, 299, 364, 455, 494, 539, 728, 819, 1079, 1274, 1547, 2639, 4004, 8099] 23317
92 [69, 207, 272, 552, 1104, 2001, 8280] 12485
93 [31, 183, 279, 620, 2046, 2759, 8463] 14381
94 [47, 92, 188, 1363, 2820, 4277, 8648] 17435
95 [95, 140, 375, 798, 1691, 4370, 8835] 16304
96 [64, 189, 384, 512, 1728, 2944, 9024] 14845
97 [194, 3007, 9215] 12416
98 [96, 581, 1260, 4655, 9408] 16000
99 [27, 48, 55, 99, 132, 195, 342, 363, 440, 594, 783, 979, 1287, 1518, 3135, 4752, 9603] 24352
100 [32, 65, 80, 120, 125, 175, 200, 296, 395, 560, 725, 800, 1000, 1880, 2375, 3200, 9800] 21828
612572
